5 0.02 0.753333333333 0.036 0.141333333333
5 0.047 0.750666666667 0.042 0.146666666667
5 0.075 0.752 0.046 0.144
5 0.106 0.749333333333 0.04 0.144
5 0.134 0.750666666667 0.036 0.141333333333
5 0.166 0.749333333333 0.04 0.144
5 0.194 0.746666666667 0.036 0.144
5 0.222 0.744 0.036 0.144
5 0.251 0.748 0.038 0.141333333333
5 0.281 0.744 0.038 0.144
5 0.311 0.74 0.038 0.146666666667
5 0.342 0.738666666667 0.036 0.144
5 0.371 0.74 0.034 0.141333333333
5 0.399 0.738666666667 0.038 0.144
5 0.428 0.737333333333 0.032 0.146666666667
5 0.457 0.736 0.034 0.144
5 0.488 0.737333333333 0.036 0.146666666667
5 0.643 0.205333333333 0.034 0.117333333333
4 0.57 0.6 0.656 0.8
4 0.9 0.718666666667 0.2 0.562666666667
