18 0.396 0.635 0.194666666667 0.118
18 0.445333333333 0.735 0.336 0.17
8 0.5 0.799 0.157333333333 0.07
8 0.692 0.697 0.104 0.042
8 0.754666666667 0.664 0.0906666666667 0.044
8 0.893333333333 0.57 0.064 0.036
8 0.948 0.557 0.0613333333333 0.034
8 0.984 0.546 0.032 0.032
4 0.429333333333 0.92 0.0373333333333 0.064
4 0.441333333333 0.907 0.0346666666667 0.058
4 0.618666666667 0.984 0.0426666666667 0.032
4 0.652 0.973 0.0453333333333 0.054
4 0.721333333333 0.984 0.0453333333333 0.032
4 0.684 0.99 0.04 0.02
