2 0.903 0.332 0.182 0.290666666667
4 0.666 0.4 0.1 0.432
4 0.416 0.466666666667 0.116 0.213333333333
4 0.315 0.346666666667 0.082 0.416
4 0.371 0.381333333333 0.066 0.272
4 0.378 0.281333333333 0.072 0.253333333333
4 0.539 0.305333333333 0.058 0.216
4 0.159 0.294666666667 0.074 0.178666666667
4 0.084 0.345333333333 0.1 0.456
2 0.617 0.24 0.086 0.202666666667
7 0.17 0.328 0.072 0.122666666667
7 0.244 0.318666666667 0.072 0.104
4 0.463 0.265333333333 0.09 0.274666666667
4 0.756 0.312 0.08 0.277333333333
4 0.788 0.297333333333 0.032 0.162666666667
4 0.727 0.224 0.026 0.064
4 0.691 0.214666666667 0.066 0.114666666667
4 0.511 0.422666666667 0.126 0.264
