6 0.641 0.754666666667 0.63 0.490666666667
4 0.374 0.678666666667 0.516 0.642666666667
4 0.343 0.366666666667 0.07 0.146666666667
4 0.87 0.652 0.26 0.621333333333
4 0.735 0.476 0.23 0.322666666667
4 0.681 0.438666666667 0.13 0.317333333333
4 0.435 0.378666666667 0.19 0.282666666667
5 0.517 0.521333333333 0.046 0.157333333333
7 0.075 0.846666666667 0.074 0.306666666667
7 0.125 0.808 0.038 0.149333333333
7 0.159 0.592 0.046 0.122666666667
7 0.372 0.781333333333 0.072 0.144
7 0.972 0.837333333333 0.056 0.325333333333
4 0.034 0.784 0.064 0.432
