14 0.541 0.870870870871 0.542 0.258258258258
14 0.571 0.475975975976 0.858 0.405405405405
14 0.175 0.63963963964 0.262 0.15015015015
14 0.565 0.124624624625 0.79 0.243243243243
14 0.341 0.294294294294 0.198 0.0840840840841
14 0.739 0.346846846847 0.118 0.0870870870871
14 0.861 0.337837837838 0.09 0.0810810810811
14 0.917 0.369369369369 0.166 0.144144144144
14 0.887 0.183183183183 0.226 0.21021021021
14 0.461 0.33033033033 0.126 0.0720720720721
14 0.585 0.33033033033 0.106 0.0660660660661
14 0.79 0.75975975976 0.26 0.234234234234
14 0.819 0.654654654655 0.254 0.12012012012
14 0.562 0.223723723724 0.096 0.0750750750751
14 0.699 0.213213213213 0.126 0.0720720720721
14 0.832 0.244744744745 0.156 0.0690690690691
14 0.136 0.471471471471 0.072 0.0720720720721
4 0.954 0.831831831832 0.024 0.0660660660661
4 0.969 0.84984984985 0.026 0.0960960960961
4 0.955 0.947447447447 0.03 0.105105105105
4 0.929 0.95045045045 0.034 0.0990990990991
4 0.909 0.966966966967 0.022 0.0660660660661
