8 0.134 0.312 0.112 0.106666666667
8 0.853 0.3 0.114 0.0773333333333
8 0.056 0.285333333333 0.084 0.064
4 0.359 0.226666666667 0.082 0.101333333333
4 0.568 0.253333333333 0.152 0.309333333333
4 0.673 0.308 0.102 0.349333333333
4 0.769 0.296 0.098 0.293333333333
4 0.97 0.334666666667 0.06 0.338666666667
15 0.322 0.585333333333 0.596 0.717333333333
4 0.217 0.293333333333 0.03 0.101333333333
4 0.241 0.289333333333 0.026 0.109333333333
4 0.037 0.290666666667 0.022 0.106666666667
4 0.025 0.305333333333 0.022 0.0933333333333
4 0.011 0.321333333333 0.018 0.0666666666667
8 0.911 0.302666666667 0.078 0.0666666666667
