4 0.744 0.744 0.216 0.512
4 0.598 0.758666666667 0.144 0.482666666667
4 0.695 0.584 0.082 0.154666666667
4 0.657 0.430666666667 0.15 0.173333333333
4 0.531 0.442666666667 0.146 0.378666666667
4 0.482 0.646666666667 0.132 0.397333333333
4 0.386 0.674666666667 0.16 0.357333333333
4 0.195 0.654666666667 0.158 0.397333333333
4 0.261 0.628 0.102 0.376
4 0.322 0.562666666667 0.092 0.213333333333
4 0.073 0.702666666667 0.134 0.514666666667
4 0.033 0.698666666667 0.062 0.506666666667
4 0.156 0.424 0.028 0.0373333333333
4 0.318 0.430666666667 0.072 0.072
