13 0.501333333333 0.847 0.997333333333 0.298
13 0.56 0.691 0.88 0.206
13 0.605333333333 0.498 0.789333333333 0.192
13 0.492 0.181 0.376 0.086
13 0.445333333333 0.206 0.224 0.056
13 0.857333333333 0.297 0.285333333333 0.106
13 0.901333333333 0.217 0.197333333333 0.154
4 0.436 0.417 0.0666666666667 0.134
4 0.586666666667 0.639 0.122666666667 0.206
4 0.262666666667 0.619 0.168 0.222
13 0.390666666667 0.278 0.152 0.08
13 0.0773333333333 0.244 0.149333333333 0.108
13 0.230666666667 0.202 0.205333333333 0.112
13 0.157333333333 0.247 0.154666666667 0.05
4 0.746666666667 0.422 0.0693333333333 0.124
