5 0.037 0.355737704918 0.038 0.632786885246
5 0.195 0.201639344262 0.026 0.331147540984
5 0.346 0.177049180328 0.032 0.268852459016
5 0.663 0.14262295082 0.01 0.173770491803
5 0.781 0.170491803279 0.018 0.216393442623
5 0.868 0.22131147541 0.032 0.318032786885
5 0.056 0.377049180328 0.052 0.695081967213
5 0.223 0.268852459016 0.062 0.472131147541
5 0.38 0.254098360656 0.068 0.43606557377
5 0.525 0.239344262295 0.07 0.393442622951
5 0.649 0.193442622951 0.03 0.288524590164
5 0.758 0.222950819672 0.044 0.334426229508
5 0.136 0.467213114754 0.164 0.888524590164
5 0.296 0.455737704918 0.16 0.859016393443
5 0.451 0.450819672131 0.154 0.83606557377
5 0.594 0.43606557377 0.14 0.793442622951
5 0.707 0.422950819672 0.122 0.754098360656
5 0.82 0.413114754098 0.128 0.727868852459
5 0.928 0.404918032787 0.116 0.691803278689
