0 0.528 0.238095238095 0.084 0.077380952381
0 0.579 0.857142857143 0.066 0.0595238095238
0 0.659 0.821428571429 0.054 0.047619047619
0 0.839 0.816964285714 0.054 0.0565476190476
0 0.952 0.78125 0.044 0.0446428571429
0 0.932 0.776785714286 0.044 0.047619047619
0 0.895 0.729166666667 0.038 0.0416666666667
0 0.869 0.697916666667 0.022 0.0327380952381
0 0.837 0.727678571429 0.018 0.0386904761905
0 0.819 0.751488095238 0.018 0.0446428571429
0 0.657 0.754464285714 0.03 0.0446428571429
0 0.658 0.721726190476 0.04 0.0386904761905
0 0.631 0.712797619048 0.042 0.0446428571429
0 0.589 0.706845238095 0.034 0.0446428571429
0 0.621 0.684523809524 0.03 0.0357142857143
0 0.565 0.668154761905 0.03 0.0386904761905
0 0.505 0.723214285714 0.038 0.0416666666667
0 0.422 0.696428571429 0.036 0.0357142857143
0 0.522 0.669642857143 0.036 0.0357142857143
0 0.366 0.75 0.048 0.047619047619
0 0.348 0.715773809524 0.032 0.0446428571429
0 0.497 0.691964285714 0.034 0.0327380952381
0 0.496 0.675595238095 0.032 0.0238095238095
0 0.417 0.657738095238 0.026 0.0357142857143
0 0.37 0.683035714286 0.032 0.0386904761905
0 0.38 0.666666666667 0.028 0.0297619047619
0 0.387 0.647321428571 0.03 0.0327380952381
0 0.34 0.63244047619 0.02 0.0327380952381
0 0.306 0.659226190476 0.028 0.0327380952381
0 0.216 0.729166666667 0.04 0.0416666666667
0 0.176 0.706845238095 0.04 0.0446428571429
0 0.201 0.691964285714 0.026 0.0386904761905
0 0.248 0.650297619048 0.024 0.0386904761905
0 0.222 0.647321428571 0.028 0.0446428571429
0 0.174 0.625 0.028 0.0357142857143
0 0.036 0.64880952381 0.02 0.0357142857143
0 0.067 0.688988095238 0.038 0.0505952380952
0 0.121 0.681547619048 0.034 0.0416666666667
0 0.119 0.64880952381 0.034 0.0357142857143
0 0.095 0.674107142857 0.038 0.0327380952381
0 0.09 0.657738095238 0.032 0.0357142857143
0 0.294 0.683035714286 0.044 0.0446428571429
