4 0.82 0.603603603604 0.076 0.306306306306
4 0.657 0.551051051051 0.05 0.237237237237
4 0.622 0.56006006006 0.068 0.219219219219
4 0.534 0.435435435435 0.028 0.0840840840841
10 0.56 0.534534534535 0.124 0.252252252252
10 0.464 0.599099099099 0.104 0.357357357357
10 0.357 0.555555555556 0.098 0.18018018018
4 0.343 0.48048048048 0.062 0.174174174174
4 0.209 0.481981981982 0.078 0.165165165165
4 0.056 0.484984984985 0.024 0.045045045045
4 0.069 0.477477477477 0.026 0.0600600600601
4 0.016 0.48048048048 0.028 0.0720720720721
10 0.205 0.542042042042 0.066 0.195195195195
