13 0.501 0.501510574018 0.998 0.996978851964
7 0.894 0.841389728097 0.192 0.293051359517
7 0.728 0.874622356495 0.196 0.250755287009
7 0.521 0.889728096677 0.19 0.220543806647
7 0.368 0.740181268882 0.128 0.326283987915
4 0.98 0.445619335347 0.04 0.160120845921
4 0.953 0.444108761329 0.094 0.187311178248
4 0.897 0.554380664653 0.13 0.250755287009
4 0.897 0.672205438066 0.178 0.365558912387
4 0.735 0.506042296073 0.11 0.190332326284
4 0.711 0.759818731118 0.19 0.419939577039
4 0.656 0.448640483384 0.052 0.123867069486
4 0.619 0.490936555891 0.094 0.202416918429
4 0.523 0.536253776435 0.106 0.196374622356
4 0.534 0.756797583082 0.18 0.419939577039
4 0.408 0.690332326284 0.104 0.444108761329
6 0.646 0.66163141994 0.384 0.19335347432
