11 0.06 0.302666666667 0.116 0.210666666667
11 0.162 0.293333333333 0.144 0.192
11 0.296 0.310666666667 0.144 0.184
11 0.435 0.288 0.146 0.197333333333
11 0.569 0.309333333333 0.126 0.165333333333
11 0.72 0.278666666667 0.164 0.2
11 0.877 0.262666666667 0.158 0.194666666667
11 0.983 0.28 0.034 0.213333333333
11 0.053 0.448 0.102 0.16
11 0.164 0.474666666667 0.144 0.186666666667
11 0.298 0.468 0.132 0.141333333333
11 0.435 0.456 0.146 0.170666666667
11 0.567 0.48 0.126 0.176
11 0.698 0.468 0.152 0.194666666667
11 0.846 0.446666666667 0.144 0.178666666667
11 0.972 0.477333333333 0.056 0.192
11 0.037 0.597333333333 0.07 0.181333333333
11 0.14 0.612 0.144 0.184
11 0.282 0.629333333333 0.132 0.192
11 0.415 0.612 0.15 0.189333333333
11 0.562 0.621333333333 0.148 0.176
11 0.717 0.626666666667 0.158 0.197333333333
11 0.86 0.604 0.136 0.2
11 0.978 0.634666666667 0.044 0.208
11 0.056 0.790666666667 0.108 0.194666666667
11 0.185 0.78 0.182 0.173333333333
11 0.389 0.756 0.17 0.221333333333
11 0.541 0.774666666667 0.138 0.189333333333
11 0.697 0.790666666667 0.142 0.184
11 0.846 0.772 0.164 0.146666666667
11 0.965 0.8 0.07 0.16
11 0.043 0.906666666667 0.082 0.0586666666667
11 0.17 0.901333333333 0.172 0.106666666667
11 0.353 0.910666666667 0.17 0.109333333333
11 0.537 0.932 0.17 0.136
11 0.713 0.949333333333 0.186 0.101333333333
11 0.709 0.92 0.13 0.117333333333
11 0.867 0.952 0.122 0.096
11 0.968 0.894666666667 0.064 0.04
