8 0.029 0.181333333333 0.054 0.0853333333333
8 0.084 0.181333333333 0.108 0.0906666666667
8 0.191 0.178666666667 0.146 0.117333333333
8 0.283 0.142666666667 0.11 0.125333333333
4 0.259 0.161333333333 0.026 0.130666666667
4 0.287 0.162666666667 0.038 0.128
8 0.372 0.132 0.088 0.072
8 0.436 0.126666666667 0.044 0.0613333333333
8 0.477 0.12 0.066 0.0853333333333
8 0.64 0.144 0.116 0.0906666666667
8 0.765 0.152 0.174 0.101333333333
8 0.916 0.144 0.168 0.133333333333
15 0.47 0.614666666667 0.62 0.68
4 0.515 0.485333333333 0.31 0.885333333333
