8 0.821 0.0786666666667 0.046 0.0506666666667
7 0.745 0.237333333333 0.098 0.0853333333333
7 0.516 0.285333333333 0.064 0.154666666667
7 0.44 0.330666666667 0.084 0.202666666667
7 0.349 0.4 0.082 0.245333333333
7 0.226 0.469333333333 0.132 0.250666666667
7 0.054 0.613333333333 0.096 0.352
7 0.878 0.372 0.18 0.253333333333
7 0.884 0.429333333333 0.192 0.266666666667
7 0.854 0.542666666667 0.228 0.381333333333
7 0.813 0.717333333333 0.306 0.522666666667
7 0.751 0.829333333333 0.386 0.336
6 0.425 0.637333333333 0.842 0.714666666667
