4 0.838 0.666666666667 0.052 0.114114114114
4 0.876 0.385885885886 0.044 0.117117117117
4 0.898 0.501501501502 0.204 0.996996996997
4 0.779 0.581081081081 0.17 0.837837837838
4 0.62 0.576576576577 0.152 0.846846846847
4 0.54 0.60960960961 0.164 0.504504504505
4 0.486 0.672672672673 0.308 0.654654654655
4 0.329 0.668168168168 0.174 0.663663663664
4 0.263 0.555555555556 0.15 0.504504504505
4 0.222 0.441441441441 0.1 0.384384384384
4 0.126 0.328828828829 0.044 0.0810810810811
4 0.152 0.56006006006 0.064 0.471471471471
4 0.101 0.554054054054 0.098 0.531531531532
4 0.036 0.563063063063 0.068 0.531531531532
