4 0.956 0.88 0.088 0.24
7 0.897 0.937333333333 0.086 0.125333333333
7 0.841 0.898666666667 0.074 0.154666666667
7 0.777 0.862666666667 0.13 0.130666666667
7 0.772 0.968 0.136 0.064
7 0.729 0.937333333333 0.074 0.125333333333
7 0.648 0.884 0.06 0.104
7 0.595 0.854666666667 0.058 0.0933333333333
7 0.478 0.958666666667 0.14 0.0826666666667
7 0.432 0.929333333333 0.108 0.109333333333
7 0.394 0.905333333333 0.104 0.152
7 0.221 0.925333333333 0.102 0.138666666667
7 0.169 0.949333333333 0.146 0.101333333333
6 0.849 0.829333333333 0.138 0.0746666666667
6 0.487 0.872 0.142 0.0426666666667
6 0.538 0.914666666667 0.168 0.064
6 0.611 0.96 0.194 0.0693333333333
6 0.1 0.917333333333 0.14 0.0586666666667
6 0.049 0.970666666667 0.094 0.0586666666667
