6 0.477 0.796 0.534 0.408
7 0.545 0.837333333333 0.17 0.325333333333
7 0.223 0.829333333333 0.25 0.341333333333
4 0.832 0.713333333333 0.256 0.573333333333
4 0.745 0.536 0.134 0.192
4 0.626 0.508 0.128 0.2
4 0.454 0.514666666667 0.12 0.170666666667
4 0.284 0.532 0.152 0.162666666667
4 0.179 0.713333333333 0.202 0.509333333333
7 0.204 0.426666666667 0.084 0.149333333333
7 0.181 0.534666666667 0.066 0.12
7 0.105 0.885333333333 0.114 0.229333333333
7 0.038 0.641333333333 0.072 0.216
4 0.046 0.777333333333 0.088 0.445333333333
2 0.749 0.374666666667 0.242 0.349333333333
2 0.085 0.381333333333 0.034 0.0693333333333
