13 0.194 0.548 0.296 0.541333333333
13 0.602 0.586666666667 0.268 0.592
13 0.624 0.212 0.32 0.109333333333
4 0.73 0.181333333333 0.04 0.101333333333
13 0.041 0.458666666667 0.078 0.197333333333
13 0.961 0.498666666667 0.078 0.357333333333
4 0.951 0.349333333333 0.046 0.0693333333333
13 0.851 0.64 0.23 0.64
4 0.778 0.6 0.092 0.176
4 0.926 0.630666666667 0.096 0.168
4 0.905 0.48 0.07 0.133333333333
4 0.919 0.546666666667 0.078 0.128
4 0.769 0.542666666667 0.082 0.130666666667
4 0.758 0.506666666667 0.064 0.117333333333
