4 0.242 0.621333333333 0.064 0.24
4 0.388 0.713333333333 0.076 0.184
4 0.421 0.590666666667 0.058 0.221333333333
4 0.45 0.598666666667 0.052 0.221333333333
4 0.506 0.598666666667 0.052 0.184
4 0.557 0.586666666667 0.054 0.192
4 0.617 0.581333333333 0.054 0.197333333333
4 0.685 0.568 0.058 0.202666666667
4 0.738 0.552 0.04 0.186666666667
9 0.835 0.856 0.158 0.112
9 0.969 0.68 0.062 0.112
9 0.878 0.782666666667 0.112 0.114666666667
9 0.967 0.841333333333 0.066 0.0666666666667
9 0.946 0.761333333333 0.108 0.072
