8 0.160416666667 0.722222222222 0.0791666666667 0.0833333333333
4 0.319791666667 0.711111111111 0.0354166666667 0.0944444444444
4 0.358333333333 0.713888888889 0.0291666666667 0.0888888888889
4 0.73125 0.751388888889 0.0291666666667 0.0694444444444
4 0.5875 0.747222222222 0.0166666666667 0.0555555555556
4 0.603125 0.751388888889 0.0145833333333 0.0472222222222
8 0.192708333333 0.706944444444 0.0395833333333 0.0583333333333
8 0.213541666667 0.705555555556 0.01875 0.0222222222222
8 0.234375 0.7 0.01875 0.0222222222222
4 0.266666666667 0.701388888889 0.00416666666667 0.0194444444444
4 0.273958333333 0.702777777778 0.00625 0.0166666666667
8 0.260416666667 0.701388888889 0.0125 0.0138888888889
