5 0.481 0.804 0.09 0.248
7 0.092 0.426666666667 0.18 0.298666666667
7 0.16 0.384 0.128 0.234666666667
7 0.614 0.270666666667 0.084 0.141333333333
7 0.71 0.352 0.156 0.266666666667
7 0.703 0.390666666667 0.142 0.290666666667
7 0.971 0.286666666667 0.042 0.0986666666667
7 0.231 0.609333333333 0.106 0.173333333333
7 0.353 0.544 0.066 0.181333333333
4 0.191 0.285333333333 0.23 0.389333333333
4 0.395 0.165333333333 0.138 0.181333333333
4 0.362 0.336 0.204 0.437333333333
6 0.253 0.389333333333 0.226 0.32
6 0.843 0.322666666667 0.286 0.234666666667
4 0.675 0.26 0.126 0.349333333333
4 0.165 0.677333333333 0.326 0.645333333333
4 0.496 0.402666666667 0.28 0.458666666667
4 0.874 0.412 0.252 0.477333333333
6 0.6 0.782666666667 0.8 0.434666666667
