15 0.591 0.918666666667 0.526 0.162666666667
15 0.831 0.846666666667 0.326 0.221333333333
15 0.151 0.874666666667 0.298 0.245333333333
4 0.024 0.769333333333 0.044 0.328
4 0.122 0.786666666667 0.104 0.336
4 0.063 0.78 0.07 0.322666666667
4 0.459 0.765333333333 0.206 0.298666666667
4 0.518 0.816 0.128 0.368
4 0.609 0.814666666667 0.214 0.370666666667
4 0.762 0.765333333333 0.112 0.282666666667
4 0.835 0.76 0.13 0.330666666667
4 0.202 0.712 0.052 0.181333333333
15 0.637 0.765333333333 0.122 0.0853333333333
4 0.263 0.704 0.038 0.149333333333
4 0.298 0.733333333333 0.032 0.08
4 0.343 0.704 0.034 0.106666666667
