11 0.119 0.672514619883 0.126 0.169590643275
7 0.108 0.87134502924 0.148 0.25730994152
3 0.759 0.828947368421 0.482 0.342105263158
7 0.032 0.75 0.056 0.154970760234
2 0.037 0.656432748538 0.066 0.236842105263
2 0.34 0.368421052632 0.032 0.105263157895
2 0.376 0.364035087719 0.044 0.102339181287
2 0.411 0.369883040936 0.042 0.0906432748538
2 0.485 0.34649122807 0.058 0.0555555555556
2 0.55 0.34649122807 0.044 0.0672514619883
2 0.621 0.361111111111 0.058 0.108187134503
2 0.673 0.355263157895 0.054 0.108187134503
2 0.695 0.508771929825 0.038 0.0701754385965
2 0.649 0.491228070175 0.062 0.111111111111
2 0.612 0.489766081871 0.04 0.108187134503
2 0.333 0.491228070175 0.034 0.111111111111
2 0.369 0.504385964912 0.03 0.0847953216374
2 0.393 0.511695906433 0.022 0.0584795321637
2 0.42 0.498538011696 0.028 0.0847953216374
2 0.339 0.608187134503 0.046 0.105263157895
2 0.349 0.62865497076 0.026 0.0701754385965
2 0.416 0.609649122807 0.028 0.0964912280702
2 0.465 0.469298245614 0.03 0.0672514619883
2 0.489 0.454678362573 0.03 0.0964912280702
2 0.523 0.456140350877 0.034 0.0994152046784
2 0.552 0.463450292398 0.032 0.0789473684211
2 0.471 0.600877192982 0.046 0.16081871345
2 0.508 0.634502923977 0.04 0.0877192982456
2 0.545 0.605263157895 0.054 0.093567251462
2 0.661 0.609649122807 0.042 0.0906432748538
2 0.614 0.608187134503 0.044 0.0994152046784
2 0.636 0.614035087719 0.04 0.0994152046784
