5 0.59 0.41782729805 0.048 0.245125348189
5 0.471 0.376044568245 0.05 0.211699164345
5 0.468 0.593314763231 0.076 0.328690807799
6 0.466 0.661559888579 0.612 0.676880222841
4 0.192 0.562674094708 0.376 0.874651810585
4 0.317 0.377437325905 0.242 0.481894150418
4 0.342 0.300835654596 0.22 0.467966573816
4 0.444 0.236768802228 0.176 0.300835654596
4 0.738 0.267409470752 0.112 0.317548746518
4 0.794 0.314763231198 0.132 0.328690807799
4 0.784 0.406685236769 0.224 0.41782729805
4 0.785 0.607242339833 0.43 0.785515320334
4 0.311 0.0849582172702 0.178 0.1643454039
4 0.467 0.0933147632312 0.05 0.181058495822
