2 0.048 0.196 0.0906666666667 0.1
2 0.225333333333 0.123 0.130666666667 0.138
2 0.714666666667 0.228 0.0853333333333 0.068
2 0.754666666667 0.177 0.224 0.162
4 0.453333333333 0.585 0.224 0.39
4 0.688 0.09 0.064 0.044
4 0.777333333333 0.094 0.0613333333333 0.048
4 0.874666666667 0.098 0.0586666666667 0.044
7 0.864 0.146 0.0586666666667 0.092
4 0.166666666667 0.046 0.0453333333333 0.056
7 0.138666666667 0.099 0.08 0.118
7 0.378666666667 0.115 0.0586666666667 0.094
7 0.445333333333 0.094 0.048 0.048
