13 0.691 0.614666666667 0.262 0.114666666667
13 0.22 0.64 0.26 0.0746666666667
13 0.886 0.372 0.16 0.056
13 0.717 0.396 0.182 0.0773333333333
13 0.563 0.42 0.218 0.088
13 0.542 0.334666666667 0.112 0.0346666666667
13 0.083 0.846666666667 0.162 0.0826666666667
13 0.047 0.773333333333 0.09 0.0533333333333
13 0.332 0.486666666667 0.208 0.0773333333333
13 0.378 0.492 0.18 0.0506666666667
13 0.521 0.473333333333 0.17 0.0613333333333
13 0.359 0.452 0.198 0.0613333333333
13 0.652 0.318666666667 0.12 0.04
13 0.747 0.308 0.102 0.0346666666667
13 0.819 0.294666666667 0.102 0.04
13 0.056 0.517333333333 0.108 0.0426666666667
