6 0.733 0.838666666667 0.534 0.322666666667
4 0.189 0.661333333333 0.178 0.677333333333
4 0.399 0.734666666667 0.178 0.530666666667
4 0.905 0.74 0.19 0.333333333333
4 0.833 0.725333333333 0.102 0.154666666667
4 0.706 0.7 0.112 0.162666666667
4 0.67 0.666666666667 0.08 0.138666666667
4 0.682 0.552 0.12 0.330666666667
4 0.572 0.625333333333 0.08 0.136
4 0.574 0.596 0.112 0.2
4 0.504 0.589333333333 0.076 0.144
4 0.463 0.573333333333 0.07 0.128
4 0.424 0.522666666667 0.044 0.101333333333
4 0.229 0.465333333333 0.07 0.152
4 0.121 0.577333333333 0.05 0.264
4 0.047 0.533333333333 0.09 0.112
4 0.021 0.582666666667 0.038 0.130666666667
6 0.052 0.865333333333 0.1 0.269333333333
6 0.054 0.658666666667 0.104 0.165333333333
6 0.49 0.765333333333 0.072 0.261333333333
